#	0	1	2	3	4	5	6	7	8	9	10	11	12	13	14	15	16	17	18	19	20	21	22	23	24	25	26	27	28	29	30	31
Y0	-0.18548681534	1.25929538979	0.507973646204	-0.42765920079	0.279815897446	-0.18548681534	0.430687187528	-1.66184363476	-1.46083193709	-0.23600525473	-0.707889478062	-1.55126620805	0.601509330119	0.527684516517	0.247031590412	-0.169253136329	-0.522058666391	0.769859741808	-0.657017563472	-0.39237503153	0.854595095064	1.05347141436	1.25929538979	-0.152939865437	0.450374841293	1.13325573177	-1.31602498608	1.26818522153	-0.499000401878	-0.329218508349	-1.27964890693	0.507973646204
Y1	-0.210288770966	1.14879647849	0.449974424941	-0.257187666099	0.346862149804	-0.210288770966	0.700255723131	-1.42958412965	-1.49011657396	-0.125810593563	-0.634088756837	-1.19548266903	0.838087268892	0.823873911642	-0.102472321583	-0.165183340333	-0.479366452083	0.559960105554	-0.716611944558	-0.446990449774	0.768772965218	0.927852432566	1.14879647849	0.165928458913	0.676424701813	1.00086516588	-1.24402918262	1.0329415817	-0.198172246026	-0.196954695308	-1.06343987661	0.449974424941
Y2	0.110723424082	0.778421962396	0.747233036057	-0.677520770256	0.199006458398	0.110723424082	0.60674501516	-1.68944723536	-1.19752951654	0.0808694797375	-0.854236163682	-1.44721779548	0.707403124267	0.822434985364	-0.0164710717674	-0.293903870911	-0.247667643172	0.699223766938	-0.516525658235	-0.445630747538	0.763962695418	1.35477164716	0.778421962396	0.0154003389865	0.843011107112	1.24847869621	-1.44125270016	1.18516600303	-0.318287535848	-0.355716961029	-1.23981669991	0.747233036057
Y3	0.198601464636	1.23571247367	0.438360652728	-0.328531316428	0.289934710952	0.198601464636	0.486454353505	-1.73415066783	-1.60613575598	-0.000752572891496	-0.839572684402	-1.50173530362	0.746411486742	0.718571219116	0.0962727339998	-0.0182620343551	-0.232399337092	0.75538460673	-0.593404012381	-0.442856070541	0.513475418546	1.04076993106	1.23571247367	-0.112354132015	0.464978047168	1.14350979631	-1.07513811728	1.19211334566	-0.206356795703	-0.651793529139	-0.931006648195	0.438360652728
Y4	-0.0858987508775	1.01528697439	0.752406751417	-0.647603884568	0.360265963297	-0.0858987508775	0.502513132348	-1.63715873674	-1.35952657822	0.0764314837697	-1.019244759	-1.32429276392	1.04387201776	0.937767351969	0.234004926194	0.141954472193	-0.509109337536	0.813563391404	-0.486608005551	-0.159075823127	0.682500538222	1.20635169729	1.01528697439	-0.0533305826906	0.423760825806	1.05305789314	-1.34387132664	1.08136881438	-0.302624440147	-0.647836283736	-1.11775543379	0.752406751417
Y5	-0.210362771064	1.2321206824	0.545000773568	-0.401282584208	0.301717792825	-0.210362771064	0.246221779596	-1.5775218634	-1.65844461588	-0.154684481991	-0.634231204513	-1.320432024	0.785954106987	0.758029026985	0.0414865047571	-0.158792391422	-0.377485696485	0.763735393056	-0.360684944482	-0.0227740412901	0.510976269371	0.992072204944	1.2321206824	0.205667759416	0.849097224384	1.38401465676	-1.11883359617	0.940215961595	-0.50129415845	-0.602170834064	-1.30593947878	0.545000773568
Y6	0.190160816561	0.772320999709	0.808940355823	-0.718103998879	0.260994652196	0.190160816561	0.251725400394	-1.32450559962	-1.39170452072	-0.289665754951	-0.798814655793	-1.54432519331	0.619167970058	0.67811488313	0.302094538869	0.0713528885403	-0.273992652884	0.62086145494	-0.352679459626	-0.380204897913	0.604068820575	0.994704260336	0.772320999709	-0.0296706909474	0.667992665177	1.04676230496	-1.24346516199	0.967449328664	-0.0632529695678	-0.534782963044	-1.13091339456	0.808940355823
Y7	0.0124553458491	1.20003373021	0.758052614338	-0.519620476456	0.325203971358	0.0124553458491	0.529305465202	-1.46067804255	-1.62937369265	0.0889215758376	-0.684474470277	-1.2736128375	1.04681273361	0.65404887198	0.0458004380461	-0.165461701933	-0.378735746589	0.846703793095	-0.362343388543	-0.490399425994	0.470392827791	1.32257819107	1.20003373021	-0.180687314447	0.624116643398	0.998475303837	-1.03429405136	1.13376567352	-0.14417390845	-0.281212366172	-1.37597756742	0.758052614338
Y8	-1.03980169567	0.502988487363	1.26410116501	-0.394683266891	0.235165357507	0.502988487363	-1.29099791967	0.651700145248	-1.04546418693	0.0818055580397	-1.00940543871	0.188158434328	-1.07634477907	-0.807798265267	-0.306193200063	0.902451237396	0.562444613764	-1.03980169567	0.70793072123	-0.369232179895	1.26410116501	-0.841758057852	1.4317357278	-0.353220845749	0.416528253832	-0.64190198435	0.732140640302	1.30892084702	-0.894853320318	0.395789568997	-0.30657812042	0.857049504009
Y9	-0.636599074139	0.626554962828	1.11784350499	-0.618728478106	0.127409129215	0.626554962828	-1.15335898559	0.858845066376	-1.36739242177	-0.202421205468	-0.869708483143	0.116880762671	-1.07535470489	-0.523480585826	-0.321243900009	0.58008687088	0.367922637471	-0.636599074139	0.550773111251	-0.40853661611	1.11784350499	-0.787539274674	1.42064280618	-0.100548595641	0.427870213988	-0.895978580371	0.807004015272	0.943837441376	-0.644064638253	0.313240631806	-0.155555259185	0.791492090378
Y10	-0.712624289502	0.599456561433	0.967367993015	-0.570541199448	0.331257014409	0.599456561433	-1.25213643688	0.979729808926	-1.12386213865	0.0759593918715	-1.09923334566	0.0423202131314	-0.693747346487	-0.773933116607	-0.478172945896	0.97155895038	0.200869452562	-0.712624289502	0.491318904988	-0.196663200425	0.967367993015	-0.352389770967	1.51781846803	0.00990789415769	0.644252478532	-0.565689588982	0.720953672655	1.24314257662	-0.981084525025	0.35442889797	-0.240970858571	1.03591524832
Y11	-0.978006061427	0.412816125895	1.39690859454	-0.409402412636	0.0691048456392	0.412816125895	-1.1201554136	0.683032898204	-1.30506327833	-0.125514589989	-1.13630596504	0.169920559922	-1.13734068409	-0.828033018285	-0.325553899941	0.641766905984	0.218849028771	-0.978006061427	0.842791964422	-0.341905400734	1.39690859454	-0.408637549224	1.39838540624	-0.148969498393	0.318540262038	-0.484511396222	0.986208332554	1.23395083672	-0.623185367914	0.245523810586	-0.0768463420555	0.968338148101
Y12	-1.07207914157	0.538502973332	1.43185550356	-0.409883673699	0.17997611612	0.538502973332	-1.36187305073	1.11521758365	-1.16168050779	-0.0952349802292	-0.919163556058	-0.00888465498087	-0.980928809233	-0.811103519709	-0.353932491984	0.880568909422	0.536862086399	-1.07207914157	0.548639899863	-0.409917062254	1.43185550356	-0.753302476015	1.22747262203	-0.162702786848	0.526581593841	-0.685120534206	0.642890416366	0.946942714719	-0.67286273596	0.502072789947	-0.450271160429	0.997395972041
Y13	-0.754092867002	0.514195214084	1.11824306149	-0.543319829328	0.298087514529	0.514195214084	-1.29984824619	1.03282342154	-1.1915513934	-0.0976688877987	-0.908821464515	0.219352896042	-0.96493328216	-0.842275038464	-0.41977141502	0.967394083941	0.159111425786	-0.754092867002	0.830938902199	-0.243002114849	1.11824306149	-0.649326379854	1.20875313079	-0.264052367281	0.373221764119	-0.766653269417	0.980998912158	1.20301875491	-0.773220850912	0.288177120739	-0.372612828238	1.06311807972
Y14	-0.799803266658	0.696812788083	1.39072146307	-0.283100935271	0.286922428263	0.696812788083	-1.08571506017	0.668729133391	-1.38150045083	-0.140510440543	-0.759186214184	0.0621502759581	-0.983332760519	-0.740574587507	-0.307600654643	0.558329715853	0.525446446459	-0.799803266658	0.421772845962	-0.34768779949	1.39072146307	-0.37355707834	1.48225486816	-0.217247304732	0.694453814497	-0.802088737681	0.73930142873	1.0802231716	-0.857456028968	0.556135290598	-0.443497014769	0.675225626507
Y15	-0.632625242588	0.784845202352	1.31822373868	-0.49879527286	0.419038422791	0.784845202352	-0.966747302948	0.886927711426	-1.07198785401	0.0696278731304	-0.985548508791	0.0403593342309	-0.684764773162	-0.595310960724	-0.577634291389	0.653677329862	0.391537733241	-0.632625242588	0.752071341203	-0.317830291814	1.31822373868	-0.481695655026	1.61043241846	-0.145240846167	0.359403135727	-0.888638121544	0.706950276233	0.949122167633	-0.834940949854	0.38813795532	-0.231821786321	1.03800692591
Y16	-0.635799448353	0.0343704810641	-0.713655298234	0.00404021840618	0.0304124837758	1.25404189977	0.646042654883	0.251375226698	-0.509557728266	-0.635799448353	0.64501859152	-0.713655298234	-0.996659861146	-0.212730321398	1.22478431806	-0.591950795678	-0.775694666244	-1.14414514099	-0.82679328018	0.288116047691	-0.62886227257	1.19473240681	0.315508912503	-0.00382522224901	0.232814793302	-0.590068661721	1.09113942157	0.542320014275	-0.190901616163	0.25138493403	-0.351188221224	-0.221939001446
Y17	-0.367739289628	0.13998910483	-0.818229024701	0.0310169993559	0.106240621658	1.25012343328	0.96411150481	0.0458122013615	-0.93554076206	-0.367739289628	0.680931302119	-0.818229024701	-0.82644673992	-0.374109557329	1.12940425851	-0.920923031653	-1.26569865379	-0.841731053871	-1.17231770116	0.048856801757	-0.22271214551	1.05004411094	0.050445287068	-0.0714490318899	0.143138091302	-0.704868904924	0.830266484884	0.352374665609	-0.011421462708	0.623878430386	-0.407437270221	-0.1264604481
Y18	-0.690993918981	-0.208726662789	-0.957311954763	-0.163758526515	0.168185803036	1.18207464872	0.798941573191	0.170614994783	-0.754374243186	-0.690993918981	0.55747455417	-0.957311954763	-1.10502955916	0.000856661709611	0.991821630102	-1.0714939701	-1.19091709613	-1.17607635788	-1.15879642043	0.453229235832	-0.270510515762	1.34274913574	0.113223636589	0.071204519606	0.568833799994	-0.419311086324	1.26484956602	0.491630466134	-0.349646914314	0.326441296656	-0.267659264563	-0.00899380711058
Y19	-0.808197302035	0.14471321666	-0.673965803962	0.0310456026598	0.180720086081	1.24903582281	0.964022851252	0.493770267801	-0.777578859794	-0.808197302035	0.4629490701	-0.673965803962	-0.727836196505	-0.130599650125	1.21368142471	-1.04384025472	-0.857523170713	-0.837454180177	-0.826346187938	0.243316911148	-0.595638525729	1.41642479617	0.330106749305	0.142012842553	0.251124153302	-0.561447421573	0.825242852855	0.28899118273	-0.0945477072164	0.422137159273	-0.440134165344	-0.229466174399
Y20	-0.490350976896	-0.239772952233	-0.768407255429	-0.297771801921	0.418917432817	1.32541262348	0.727842093582	0.384390724139	-0.814160529708	-0.490350976896	0.698979470128	-0.768407255429	-0.878337287124	-0.0917763526323	1.04812871098	-1.03281561929	-0.805384739835	-1.0615277033	-1.24667977345	0.235438108743	-0.461137610766	1.17579005022	0.479513278544	0.333793553176	0.525642614867	-0.518614002265	0.85438276043	0.464379119326	-0.0169907722618	0.544754977121	-0.118265076238	-0.328316778854
Y21	-0.542173719357	0.151438268038	-1.04288908149	-0.322601928421	0.186179636846	1.20787334515	0.594646052634	0.186819620155	-0.538719718954	-0.542173719357	0.423250464754	-1.04288908149	-0.781915609419	-0.372659042557	1.02205806932	-0.598765151058	-0.8688127859	-1.00317272876	-1.09693631129	0.22779672633	-0.601987703778	1.34919498336	0.438129854542	0.205671660832	0.460458962302	-0.723059927924	0.854120968608	0.450754161981	-0.246979649634	0.504122931834	-0.253207371709	-0.0617248858874
Y22	-0.555757047197	-0.115547876164	-0.856819473885	-0.368039798989	0.0290047085404	1.37640693653	0.61785738864	0.0320111845276	-0.703788323995	-0.555757047197	0.56459367465	-0.856819473885	-0.82290035198	-0.149749002858	1.20403178975	-0.592047166282	-1.1106495516	-1.18234392186	-0.844524808382	0.227876544948	-0.611273167912	1.06819025013	0.525312081364	-0.130263696095	0.365122709103	-0.248959138302	0.885364508361	0.448373402839	-0.356412087458	0.320153780145	-0.229164099668	-0.184511133598
Y23	-0.813281473194	0.0667412846686	-0.694252770479	-0.311469675647	0.126859007674	1.36276667486	0.640380912245	0.249633622047	-0.91635307025	-0.813281473194	0.505518129168	-0.694252770479	-1.00567854425	-0.0375246933902	1.33558379888	-0.60137072203	-0.934680671283	-0.844126384166	-0.948259079179	0.0781652234396	-0.305933290786	1.22245071025	0.101346080012	0.346930352297	0.329996049643	-0.598412286111	0.973452395874	0.372274043999	-0.337464368165	0.404490866185	-0.270048625978	-0.180619288592
Y24	0.0175442460649	0.775590896032	-0.312602908767	-0.312602908767	0.0836836984983	-0.103240935608	-0.3578850201	0.405207718631	-0.35702425036	-0.353868306595	-0.456153744071	-0.296361216437	1.12206644018	-0.335141714703	0.0175442460649	-1.48459698605	0.271611811502	1.34171022936	0.579335106984	0.862363239681	-0.19192919754	-0.715012143685	-0.460309566917	-0.2039492709	1.5520954211	-1.38430622072	0.288185677956	0.0816862097791	0.699018990769	0.775590896032	0.0463390557815	0.433405699507
Y25	0.20529940159	0.422241595994	-0.430519710319	-0.430519710319	0.186541020551	-0.00686397011816	-0.609402284179	0.52594758312	-0.0731905129369	-0.695351609722	-0.529706424251	-0.5589133925	1.07972874173	-0.242138446993	0.20529940159	-1.35323207877	0.0270200972844	1.37201004916	0.432954955412	0.62948733538	-0.0533655331768	-0.51442925267	-0.361778405723	0.100935000842	1.11776090086	-1.23290899945	-0.0607616557883	0.266244445639	0.744722790976	0.422241595994	0.391418341816	0.705116078043
Y26	-0.0177662710606	0.779376963272	-0.34217593141	-0.34217593141	0.269515435994	0.241721304127	-0.74830565835	0.586612098053	-0.392427353918	-0.625550275317	-0.698943778914	-0.383475552125	0.850208601882	-0.426833141747	-0.0177662710606	-1.55610704311	0.199049300358	1.14410711548	0.577635870324	0.636441032957	0.034750540396	-0.417702287706	-0.483183609711	-0.207710896397	1.54145490497	-1.16458111426	-0.02569469201	0.062953162475	0.476693430416	0.779376963272	0.208951104208	0.501321321637
Y27	0.0975072310226	0.482490119048	-0.535586348822	-0.535586348822	0.540362161832	0.00956120043688	-0.594686105885	0.536895665354	-0.0957688605693	-0.426889772631	-0.585439927877	-0.291054980839	1.02154331028	-0.0626474092177	0.0975072310226	-1.7904812841	0.368243828078	1.20798657569	0.837959986822	0.889572166481	0.0125755489765	-0.597757399787	-0.457880925215	-0.0933634473433	1.4868700736	-1.07452058142	0.0978343234847	0.062323448417	0.381244926562	0.482490119048	0.420369597766	0.526558935572
Y28	-0.125119857448	0.494515283602	-0.649634611026	-0.649634611026	0.389534281791	0.343789205514	-0.395965858036	0.805767579648	0.00772567358608	-0.359240515551	-0.532971579844	-0.194365516516	1.15337740668	-0.104313197066	-0.125119857448	-1.77927818393	0.167101721233	1.27116856403	0.778106146779	0.835240456365	0.0203337628194	-0.521653603627	-0.428818703832	0.113593178962	1.50456935643	-1.36435053735	0.17104308203	0.297636932534	0.678525267916	0.494515283602	0.137861687875	0.813950981039
Y29	0.154353535306	0.543767552001	-0.315876803007	-0.315876803007	0.351928210466	0.281255829427	-0.668935783636	0.710644520377	-0.253443682021	-0.71905337254	-0.430323399479	-0.448937690123	1.23387400906	-0.0837217260458	0.154353535306	-1.66369562771	0.0192172277224	1.12681515041	0.754181819113	0.695916349962	-0.177500198193	-0.511273166411	-0.812124116881	0.0659699261103	1.56373878821	-0.988580293859	-0.0785416267035	0.233627977368	0.474840138027	0.543767552001	0.427564311845	0.6725293591
Y30	0.240989464391	0.857552910721	-0.400169626641	-0.400169626641	0.175386047803	-0.110944496251	-0.464310563729	0.821488229008	-0.00546370424201	-0.39700067295	-0.715688982924	-0.23666057638	0.984169802863	-0.285505051173	0.240989464391	-1.79461525238	0.41778125809	0.903968511537	0.549761845556	0.526739953786	-0.134920738405	-0.341315611642	-0.590587544665	0.0574775714862	1.31314486901	-0.99579969546	-0.165049109193	0.288795439961	0.468031364709	0.857552910721	0.509204887944	0.845362832039
Y31	0.25630962072	0.456456656871	-0.633150476768	-0.633150476768	0.334663975691	0.126101803976	-0.743123962934	0.554679190759	-0.195259676558	-0.299828125636	-0.682116022575	-0.269442805753	1.0459676009	-0.142496941407	0.25630962072	-1.34298813052	0.215681399907	1.120671416	0.790273771663	0.455953382895	-0.206087090706	-0.532669356956	-0.398947304253	0.0858163318087	1.49676465662	-1.37600184988	0.202214901105	0.287971821971	0.737976751878	0.456456656871	0.397273147326	0.881869034079
Y32	0.752623862255	1.05136399873	0.78555080185	0.678403955231	0.0888630930342	-0.806861750854	-0.718923497854	1.02515368254	0.441298010277	0.635097878549	0.780006607768	-0.866571835504	0.51566269348	0.737494155938	0.482769585338	-0.45434938649	-0.259035017081	1.05136399873	-0.603477302128	-0.683010869165	-0.560969621183	-0.0515612283798	0.205082385595	-1.24939129948	-0.548523199194	0.0333102578611	0.508772495901	-0.60131064887	0.78555080185	0.657916184715	-0.603486321604	0.752623862255
Y33	0.583060690986	0.907013836707	0.538563708047	0.669674810202	0.0753927412531	-0.583579935895	-0.70906730007	0.725366229357	0.395999538562	0.824610072579	0.488459791674	-0.775355657185	0.351791346621	0.701690015687	0.178191989437	-0.362672564712	0.0013200526828	0.907013836707	-0.705542408388	-0.603478665313	-0.239675559105	-0.342639476044	0.271656134833	-1.20952327124	-0.449117088325	-0.00699816366475	0.817019272131	-0.304781064674	0.538563708047	0.571851158842	-0.470903614303	0.583060690986
Y34	0.566741124691	0.996540186915	0.754206229134	0.620503168063	0.214428082478	-0.709245326644	-0.611495973738	0.818709508491	0.296933118962	0.827549229599	0.514696250342	-0.714031638377	0.5337147864	0.593888384418	0.499452921653	-0.71036297885	0.0319447608307	0.996540186915	-0.491553892364	-0.537740976459	-0.480466917287	-0.0535133728631	0.356597925943	-1.03040259425	-0.417569796627	0.187009524077	0.66954754342	-0.350015186541	0.754206229134	0.352044395571	-0.549410392403	0.566741124691
Y35	0.609159077649	0.91254658668	0.547951434521	0.526826723214	0.398188826825	-0.632593230763	-0.568636074834	0.635084711006	0.458779774597	0.796908484123	0.736718803223	-0.860257050513	0.40113970483	0.261109722177	0.453625629548	-0.524862971522	-0.325982539388	0.91254658668	-0.557550931004	-0.324247755035	-0.219553594244	-0.053677148357	0.396591216062	-0.971901244431	-0.0750443092947	-0.0391656868365	0.761873532746	-0.589324719068	0.547951434521	0.337238038682	-0.672322640995	0.609159077649
Y36	0.605213423296	1.23212920084	0.669053481	0.271247998569	0.157836555371	-0.890505799394	-0.456730409885	0.728962613592	0.174704996277	0.904198683273	0.584459223728	-0.753982408283	0.205643311592	0.705555552487	0.267377405369	-0.793768218025	0.067433466153	1.23212920084	-0.621746300879	-0.362374604535	-0.228834984506	-0.164713673584	0.577521057309	-1.04882578559	-0.493955029864	-0.00838887916204	0.475259775391	-0.179623009199	0.669053481	0.6801510541	-0.723361764094	0.605213423296
Y37	0.739041101742	0.871530369464	0.689304788381	0.696793401512	0.0534325778803	-0.722684112127	-0.699883352003	0.85837092638	0.2138244719	0.654628865792	0.562811492933	-1.0290049292	0.27745961942	0.488686365375	0.203161788857	-0.595697532863	-0.385602220611	0.871530369464	-0.691264094977	-0.299502377288	-0.277675439436	-0.273620474874	0.208343050743	-1.22652480896	-0.206170762089	-0.089725111225	0.772163065863	-0.50093420849	0.689304788381	0.335262023642	-0.47227638436	0.739041101742
Y38	0.822557549587	1.07410652581	0.654975899639	0.615625617077	0.227854613253	-0.737204723428	-0.34954891926	0.945693668916	0.0980135759388	0.895420729954	0.539138567363	-0.972075213919	0.442540709246	0.291799884718	0.49286421794	-0.462358245987	-0.229433315654	1.07410652581	-0.444109163022	-0.780863397786	-0.332012938825	-0.200943821861	0.236745802645	-0.997923023087	-0.0699488134319	0.295572429457	0.480651803601	-0.217006084846	0.654975899639	0.477658471669	-0.831767959627	0.822557549587
Y39	0.916237148724	0.941849163826	0.82417640729	0.526338224855	0.379074145395	-0.788255864258	-0.382399882715	1.03381698345	0.368996749705	0.599258164641	0.851576903312	-1.0550538088	0.357434202275	0.600474591703	0.342155164219	-0.724442963371	-0.114378927694	0.941849163826	-0.706922164529	-0.604317110919	-0.197205559914	-0.348649761021	0.642195243788	-1.1994612569	-0.163837583653	0.149466212148	0.837974540942	-0.549413775544	0.82417640729	0.630438663393	-0.515511248565	0.916237148724
Y40	-0.537955313626	0.760849389312	-0.537955313626	-0.276517372855	-0.272961522424	0.423447156951	1.06626946107	0.477793063504	-0.586902844448	1.21585679738	-0.389262195801	0.36797421176	0.264179877951	-0.212009471792	-0.544366805421	-0.0289158018755	1.25170319553	-0.737207114115	-0.00510119459299	0.772909556552	1.25470209837	0.309552868195	-0.386423724664	-0.282843079927	0.760849389312	-0.634435703396	-0.0856596423585	0.216049112899	-0.259735579969	0.0820217933931	-0.446172754208	0.0317998394529
Y41	-0.540846513809	0.910991077798	-0.540846513809	-0.0214131142968	-0.630459526254	0.457179104281	1.19098932055	0.647347730073	-0.348175090394	1.03968605381	-0.108362706194	0.41231529539	0.349264155783	-0.194741065286	-0.53170042728	0.226444637909	1.44266033147	-0.727943315076	0.149867071647	0.768331650325	1.25781974694	0.658717560241	-0.262232853052	-0.371729396162	0.910991077798	-0.262787694791	-0.177050713261	0.168810589171	-0.0516088129321	0.412971222321	-0.673287425221	-0.0428938194842
Y42	-0.516249292818	0.604210866558	-0.516249292818	-0.213511570012	-0.59963226011	0.335541063366	0.979342229949	0.533224654871	-0.359553699465	1.00358602591	-0.182490984527	0.325130728906	0.101658214132	-0.520217137966	-0.222702581728	0.257861203373	1.34705029899	-0.532404376942	-0.0172705767688	0.318572985122	0.94007599079	0.654563262288	-0.482143878413	-0.2046875462	0.604210866558	-0.425922886558	-0.108846371193	0.109038455644	0.000446273616608	0.501468772663	-0.645871598821	0.0782479634901
Y43	-0.669761079247	0.811387019957	-0.669761079247	-0.0269842978914	-0.536499182703	0.240498982555	1.10925227672	0.590355405795	-0.718631125061	1.32205131927	-0.408063135927	0.273687769046	0.0770864443722	-0.246787814528	-0.396581279432	0.0812394168373	1.30315968339	-0.461373503655	0.412498611801	0.606266211525	0.918407069928	0.553183041607	-0.571144752067	-0.0829911433615	0.811387019957	-0.634458827375	-0.415479588022	0.230555283771	-0.072615451646	0.0343496909113	-0.457907938399	0.169198098735
Y44	-0.456189650743	0.692365673833	-0.456189650743	-0.123063858505	-0.56053903486	0.683118345096	1.25611603204	0.634189106104	-0.409529743498	1.12971401766	-0.178701809899	0.536607644683	-0.0367112156612	-0.427064828577	-0.410058024722	0.0598346572842	1.41502661328	-0.836072619094	0.128705546468	0.449250610631	0.998531314188	0.608553934997	-0.539067948485	-0.0374328458802	0.692365673833	-0.404575340923	-0.221052104746	0.40426231727	-0.257587339917	0.46880985694	-0.681563936604	-0.21410413384
Y45	-0.696873689441	0.434658085662	-0.696873689441	-0.311781061294	-0.166443888783	0.375871411468	0.947765265775	0.34246646184	-0.653340558106	1.10378961707	-0.407132580149	0.532431133486	0.0357237616833	-0.18752094946	-0.457807192278	0.283498447158	1.47006523769	-0.642241549729	0.309684565026	0.389323734833	0.958372821518	0.752796884637	-0.596224177536	-0.373931128826	0.434658085662	-0.615790329094	-0.211555632683	0.126612886375	0.116182211701	0.125050702861	-0.65505878799	0.0842661859506
Y46	-0.264355260443	0.8275978176	-0.264355260443	0.0332191287449	-0.428960335226	0.254083979987	0.787347118274	0.787791768671	-0.684137652597	1.34885005454	-0.385881763165	0.446807128166	0.0277544164477	-0.464043865359	-0.211750173826	0.198323377316	1.24375273329	-0.756574431377	0.220411651222	0.453745395617	1.04379098408	0.464909489954	-0.714555013071	-0.259511691058	0.8275978176	-0.363594124323	-0.456930698003	0.4582805374	-0.199330460048	0.122750923666	-0.591414034533	-0.141681638945
Y47	-0.658366007619	0.840030918207	-0.658366007619	-0.200193661185	-0.436203015853	0.373951696562	1.12478578124	0.367243990903	-0.619767433834	1.47043375425	-0.0835374164852	0.26117492988	0.00198813021211	-0.263919623135	-0.291028585166	0.142627773988	1.63948923417	-0.749593268016	0.422938903953	0.665635541354	1.00157318766	0.382969756986	-0.613225123218	0.0580788148707	0.840030918207	-0.206816365393	-0.151239975141	0.348948100534	-0.332771612219	0.381470341051	-0.702710984005	-0.243539764837
Y48	0.0585090584252	0.0585090584252	0.314069498647	0.619840648326	-0.521369378187	0.0518728508344	0.0585090584252	0.65514656832	0.579040289492	0.112209793474	-0.379210551885	0.0712715748905	0.166530991031	0.111524624542	0.956529815162	0.376510389688	0.425215050726	0.108683608711	0.314069498647	0.150385286833	-0.00724523364945	0.0193813689601	0.505459492437	1.02321231602	-0.0897958488126	0.470031856329	-0.196086612714	0.206286942533	-0.829048707002	-0.779826355257	0.478193637345	0.475954980174
Y49	-0.191036960463	-0.191036960463	0.33327536289	0.561687397386	-0.430128792071	0.0419989806701	-0.191036960463	0.37034867157	0.559687383753	0.172614757756	-0.375414268209	0.475270681478	0.357636983242	-0.0280968133011	1.13767980474	0.179210782127	0.715579580647	-0.149104577259	0.33327536289	0.218589709458	0.17650865233	-0.137859197233	0.140068373615	0.757082977961	-0.25095138132	0.234817429718	-0.278287488582	0.375968002449	-0.776934959794	-0.573253446765	0.805441592743	0.500825908511
Y50	-0.0548382144822	-0.0548382144822	0.373873419185	0.553347455458	-0.417496387229	0.116000330026	-0.0548382144822	0.504530512907	0.291035525314	0.219193311482	-0.457228377739	0.409307250312	0.294099356961	-0.351803927385	0.955751568557	0.157609903856	0.352734889742	0.0680128768728	0.373873419185	0.0655754949721	-0.118114930247	-0.310644948465	0.351079033558	1.02852740011	-0.328906610272	0.584564022958	-0.376309304629	0.453429253063	-0.778693552906	-0.773727997513	0.818571383661	0.620804881522
Y51	-0.298833823704	-0.298833823704	0.105853388478	0.746550006158	-0.237971013437	-0.089193964421	-0.298833823704	0.355305724644	0.325626359301	0.216080034288	-0.209216214035	0.304545054406	0.525992298448	-0.186291966438	1.22979203523	0.336579236956	0.310288392506	-0.180722478801	0.105853388478	-0.116095985805	0.0528404795711	-0.329729610033	0.149730243112	0.674597474956	-0.34964830365	0.108831019414	-0.119712187875	0.435070632847	-1.15786540238	-0.817070777	0.647407013996	0.641531738505
Y52	-0.110941268375	-0.110941268375	0.297767961813	0.579853849384	-0.071086565646	0.250685567285	-0.110941268375	0.727599265064	0.364436601297	0.474940129583	-0.366760952638	0.227587107517	0.454447919831	-0.0577158815074	1.22820576225	0.178111303066	0.290669866058	-0.135647160313	0.297767961813	0.282044684925	-0.0377527526677	-0.0342304890285	0.417309936105	0.93971437514	-0.0235601858332	0.167769143188	-0.271419406089	0.244321461596	-1.05840524496	-0.511051516836	0.843716074164	0.223875515885
Y53	0.132926205717	0.132926205717	0.0313027741295	0.779802447258	-0.0965490399558	-0.173110946074	0.132926205717	0.388344745489	0.4805857864	0.333368817467	-0.520665430782	0.495605556678	0.417649795145	0.0854035214487	1.18841829469	0.281507403443	0.469637917727	0.155817350389	0.0313027741295	-0.00711711240758	-0.0803430398754	0.0556626962802	0.356793613772	1.03808095022	-0.0613325068167	0.112642134048	-0.0920438311076	0.109475109507	-0.922905780343	-0.567748934816	0.447628905646	0.409358646748
Y54	-0.232223759499	-0.232223759499	0.436901864472	0.528699729399	-0.556018435978	0.0621209885099	-0.232223759499	0.677344462712	0.546856312683	0.110267320392	-0.375047848778	0.426306711022	0.119755748667	0.0597340258541	0.860236478913	0.077594185531	0.381974742764	0.132687833293	0.436901864472	0.16513877877	-0.050495611598	-0.0908949639234	0.143123494243	1.05632945703	-0.265534663932	0.374271517195	-0.195227499303	0.386684675122	-1.13523381943	-0.757032667843	0.892002430514	0.228124618369
Y55	0.16879419758	0.16879419758	0.0668789110229	0.640691021725	-0.212215931718	-0.00566249882554	0.16879419758	0.335992860554	0.378043293145	0.0864112132562	-0.514496176538	0.165621511127	0.166075560285	-0.0647904911058	1.24644740781	0.0255763213265	0.582531177471	0.0726125103644	0.0668789110229	0.212047083613	0.130303837385	-0.226244523875	0.422621928448	0.808427267837	-0.320935913648	0.505366275697	-0.293329229581	0.543427629917	-0.772623185319	-0.951531471955	0.590172070662	0.663208147868
Y56	-0.042400877954	-0.593072899617	-0.473959791201	1.32066504788	0.204328265405	0.440173159033	-0.301393995715	-0.042400877954	-0.143871149891	0.897559873527	0.624409668351	0.286812728331	-0.0798242807706	-0.473959791201	-0.310818258463	0.341639528022	-0.15825872195	0.50212248872	-0.180963366036	-0.593072899617	0.0853113715086	0.0772668518278	0.0195737593674	-0.293046951479	-0.0752797272739	-0.295596144846	-0.244422283695	0.541533127413	-0.477104448145	0.649296266709	0.00631182715432	0.835002528718
Y57	-0.279788584504	-0.475545447687	-0.282653359317	1.02106756205	0.175690601992	0.474610688196	-0.376952953399	-0.279788584504	-0.346755633821	0.974374517374	0.4610430045	0.470122885273	-0.0868320143229	-0.282653359317	-0.103766135293	0.242773090039	-0.405375998518	0.130417928804	0.0259863236069	-0.475545447687	0.00652007169931	-0.214850784243	-0.044021323625	-0.132164154451	-0.0764847313498	0.0598214482658	-0.40652271109	0.111443123621	-0.486956763091	0.752506582688	-0.00806514614789	0.806556597622
Y58	0.040826586741	-0.502903310083	-0.189627997578	1.01961937407	0.23195317895	0.486492029885	-0.28577503629	0.040826586741	-0.135169157789	0.522207461568	0.355532066621	0.467375141689	0.00580568008376	-0.189627997578	-0.116349640239	0.285705688853	-0.395003271992	0.31248176149	-0.214404548336	-0.502903310083	0.281387174599	-0.0970386824942	-0.228344454602	-0.131831508098	0.131410995776	-0.351763078637	-0.3789111096	0.362833204176	-0.353597306718	0.672299403456	-0.0658868822267	1.28861953575
Y59	0.0618808577043	-0.498736519217	-0.428595584805	0.98039099729	-0.0379362639264	0.193351770443	-0.406869281266	0.0618808577043	-0.159254092809	0.824494517122	0.380876004533	0.143263189118	-0.180872833187	-0.428595584805	-0.0268255368961	0.261058232189	-0.44398825191	0.364359845251	-0.155214109184	-0.498736519217	0.140180149209	-0.081850690217	-0.176792406022	-0.351998843828	-0.173596036834	-0.0923354159289	-0.123371031878	0.392347769463	-0.507286321854	0.776077334397	-0.360161349811	1.16044013892
Y60	-0.236829388502	-0.501766194562	-0.478252406501	1.20662251744	0.0501972503422	0.415847048795	-0.295408311257	-0.236829388502	-0.0119460455695	0.876023250135	0.317333804984	0.264852313398	-0.195809236964	-0.478252406501	-0.213203007589	0.19861110911	-0.148663688649	0.29468158695	-0.272906357002	-0.501766194562	0.250903731558	0.161261815	-0.378483853271	-0.47611036192	0.105381271055	-0.177969238888	-0.38306027793	0.256668464938	-0.290136277674	0.935294722514	-0.125465181105	1.2057329212
Y61	0.0388876232152	-0.578503419932	-0.290159693123	1.39215243868	0.393385289609	0.572051967129	-0.596775905621	0.0388876232152	-0.197779363437	0.788871111125	0.549674438935	0.276681902669	-0.290491330284	-0.290159693123	-0.392443963733	0.00928332580684	-0.326961436996	0.473204169846	-0.027130467907	-0.578503419932	0.267897244795	0.0677696506209	-0.187200561079	-0.171911742877	-0.246786939001	-0.361762325041	-0.361737799453	0.539106070063	-0.199878583849	0.723243524543	-0.418147429677	1.06273387804
Y62	0.0751474954166	-0.148055656345	-0.284355515414	1.30619672651	0.0386860140057	0.420630224842	-0.553439264715	0.0751474954166	-0.391522945694	0.523528660469	0.510810920844	0.392215805967	-0.240450119449	-0.284355515414	-0.00799859702531	0.281799297041	-0.230723171906	0.527281653211	-0.0629877216714	-0.148055656345	-0.146123136209	-0.0603977211857	-0.26919963165	-0.394627851797	0.101169645071	-0.0815038476817	-0.312927579319	0.454882736572	-0.320499479792	0.86179140158	-0.134088782209	0.904626953958
Y63	-0.0521271445575	-0.370241939161	-0.148349993967	1.35414068278	-0.0387569872124	0.357863457722	-0.205013058466	-0.0521271445575	-0.0685308237759	0.943985791272	0.653403634768	0.508812989883	-0.194143812422	-0.148349993967	-0.204956053524	0.017296046212	-0.0681894074516	0.206758975164	-0.00256465427845	-0.370241939161	0.0194768315883	0.144250745284	-0.367352265615	-0.366527079243	0.1268296205	-0.357134921766	-0.249128670748	0.317887790786	-0.290016382616	0.990288065687	-0.224507092592	0.942733589738
